23530  0  
23525  0.06  
23520  0.148  
23515  0.15  
23510  0.031  
23505  0.09  
23500  0.089  
23495  0.119  
23490  0.087  
23485  0.146  
23480  0.085  
23475  0.204  
23470  0.414  
23465  0.502  
23460  0.677  
23455  0.911  
23450  0.911  
23445  0.909  
23440  0.879  
23435  0.874  
23430  1.015  
23425  1.097  
23420  1.097  
23415  1.056  
23410  1.196  
23405  1.221  
23400  1.534  
23395  1.753  
23390  1.779  
23385  1.83  
23380  2.054  
23375  2.161  
23370  2.464  
23365  2.82  
23360  2.942  
23355  3.05  
23350  3.427  
23345  3.726  
23340  4.019  
23335  4.399  
23330  4.555  
23325  4.707  
23320  5.103  
23315  5.499  
23310  5.786  
23305  6.175  
23300  6.541  
23295  7.008  
23290  7.616  
23285  8.237  
23280  8.842  
23275  9.462  
23270  9.991  
23265  10.764  
23260  11.586  
23255  12.335  
23250  13.164  
23245  14.117  
23240  14.983  
23235  16.023  
23230  17.233  
23225  18.355  
23220  19.514  
23215  20.773  
23210  22.063  
23205  23.511  
23200  25.021  
23195  26.483  
23190  28.032  
23185  29.773  
23180  31.548  
23175  33.429  
23170  35.262  
23165  37.064  
23160  39.009  
23155  41.277  
23150  43.427  
23145  45.309  
23140  47.357  
23135  49.535  
23130  51.758  
23125  53.928  
23120  56.117  
23115  58.058  
23110  60.126  
23105  62.294  
23100  64.282  
23095  66.141  
23090  67.978  
23085  69.725  
23080  71.246  
23075  72.838  
23070  74.139  
23065  75.519  
23060  76.883  
23055  78.192  
23050  79.39  
23045  80.537  
23040  81.816  
23035  82.976  
23030  83.998  
23025  84.955  
23020  85.619  
23015  86.165  
23010  86.671  
23005  87.274  
23000  87.706  
22995  88.107  
22990  88.664  
22985  89.082  
22980  89.661  
22975  90.115  
22970  90.556  
22965  90.819  
22960  91.066  
22955  91.269  
22950  91.588  
22945  91.704  
22940  91.939  
22935  92.343  
22930  92.514  
22925  92.697  
22920  92.856  
22915  93.053  
22910  93.146  
22905  93.263  
22900  93.42  
22895  93.439  
22890  93.73  
22885  93.932  
22880  94.165  
22875  94.312  
22870  94.539  
22865  94.901  
22860  94.936  
22855  95.102  
22850  95.305  
22845  95.506  
22840  95.534  
22835  95.738  
22830  96.022  
22825  96.14  
22820  96.361  
22815  96.489  
22810  96.626  
22805  96.707  
22800  96.991  
22795  96.996  
22790  97.037  
22785  97.075  
22780  97.145  
22775  97.142  
22770  97.095  
22765  97.07  
22760  96.95  
22755  96.957  
22750  96.559  
22745  96.301  
22740  96.141  
22735  95.961  
22730  95.802  
22725  95.61  
22720  95.38  
22715  95.415  
22710  95.404  
22705  95.552  
22700  95.56  
22695  95.406  
22690  95.349  
22685  95.413  
22680  95.561  
22675  95.378  
22670  95.312  
22665  95.113  
22660  95.016  
22655  95.219  
22650  95.277  
22645  95.409  
22640  95.36  
22635  95.293  
22630  95.332  
22625  95.375  
22620  95.389  
22615  95.476  
22610  95.511  
22605  95.528  
22600  95.552  
22595  95.514  
22590  95.567  
22585  95.691  
22580  95.842  
22575  95.526  
22570  95.427  
22565  95.338  
22560  95.355  
22555  95.491  
22550  95.599  
22545  95.627  
22540  95.604  
22535  95.847  
22530  95.982  
22525  96.019  
22520  96.063  
22515  96.227  
22510  96.407  
22505  96.466  
22500  96.642  
22495  96.625  
22490  96.519  
22485  96.527  
22480  96.55  
22475  96.431  
22470  96.266  
22465  96.182  
22460  96.08  
22455  95.97  
22450  95.755  
22445  95.848  
22440  95.921  
22435  96.06  
22430  95.956  
22425  96.01  
22420  95.995  
22415  96.504  
22410  96.869  
22405  96.948  
22400  97.031  
22395  96.986  
22390  97.017  
22385  97.029  
22380  96.965  
22375  96.632  
22370  96.671  
22365  96.481  
22360  96.492  
22355  96.558  
22350  96.863  
22345  96.828  
22340  97.034  
22335  97.131  
22330  97.119  
22325  97.327  
22320  97.382  
22315  97.456  
22310  97.519  
22305  97.723  
22300  97.678  
22295  97.502  
22290  97.429  
22285  97.292  
22280  97.141  
22275  96.989  
22270  96.701  
22265  96.454  
22260  96.269  
22255  96.313  
22250  96.361  
22245  96.277  
22240  96.179  
22235  96.062  
22230  95.905  
22225  95.837  
22220  95.811  
22215  95.842  
22210  95.7  
22205  95.728  
22200  95.909  
22195  96.049  
22190  96.126  
22185  95.975  
22180  96.033  
22175  95.868  
22170  95.912  
22165  95.818  
22160  95.587  
22155  95.547  
22150  95.515  
22145  95.502  
22140  95.45  
22135  95.386  
22130  95.427  
22125  95.386  
22120  95.203  
22115  95.137  
22110  95.175  
22105  95.25  
22100  95.03  
22095  95.151  
22090  94.913  
22085  94.69  
22080  94.696  
22075  94.553  
22070  94.566  
22065  94.521  
22060  94.73  
22055  94.427  
22050  94.551  
22045  94.691  
22040  94.745  
22035  94.719  
22030  94.606  
22025  94.566  
22020  94.354  
22015  94.305  
22010  94.012  
22005  93.716  
22000  93.721  
21995  93.48  
21990  93.517  
21985  93.523  
21980  93.715  
21975  93.89  
21970  93.903  
21965  94.067  
21960  94.099  
21955  94.331  
21950  94.231  
21945  94.243  
21940  94.168  
21935  94.115  
21930  94.308  
21925  94.438  
21920  94.402  
21915  94.443  
21910  94.566  
21905  94.688  
21900  94.81  
21895  95.073  
21890  95.033  
21885  95.242  
21880  95.264  
21875  95.175  
21870  95.38  
21865  95.517  
21860  95.648  
21855  95.592  
21850  95.827  
21845  95.677  
21840  95.732  
21835  95.874  
21830  95.834  
21825  95.647  
21820  95.593  
21815  95.639  
21810  95.639  
21805  95.807  
21800  96.022  
21795  96.355  
21790  96.384  
21785  96.42  
21780  96.417  
21775  96.678  
21770  96.663  
21765  96.535  
21760  96.437  
21755  96.42  
21750  96.516  
21745  96.564  
21740  96.707  
21735  96.599  
21730  96.724  
21725  97.089  
21720  97.4  
21715  97.313  
21710  97.18  
21705  97.482  
21700  97.409  
21695  97.475  
21690  97.543  
21685  97.56  
21680  97.505  
21675  97.664  
21670  97.749  
21665  97.612  
21660  97.693  
21655  97.531  
21650  97.401  
21645  97.177  
21640  97.098  
21635  96.719  
21630  96.724  
21625  96.852  
21620  96.767  
21615  97.069  
21610  97.041  
21605  97.177  
21600  97.195  
21595  97.49  
21590  97.597  
21585  97.568  
21580  97.61  
21575  97.272  
21570  97.511  
21565  97.391  
21560  97.395  
21555  97.495  
21550  97.507  
21545  97.487  
21540  97.302  
21535  97.318  
21530  97.079  
21525  97.099  
21520  97.295  
21515  97.279  
21510  97.319  
21505  97.307  
21500  97.646  
21495  97.893  
21490  97.983  
21485  98.021  
21480  97.639  
21475  97.52  
21470  97.411  
21465  97.375  
21460  97.366  
21455  97.258  
21450  97.263  
21445  97.546  
21440  97.789  
21435  97.78  
21430  97.733  
21425  97.887  
21420  97.842  
21415  97.923  
21410  98.03  
21405  97.977  
21400  97.804  
21395  97.856  
21390  97.882  
21385  97.757  
21380  97.813  
21375  97.861  
21370  97.859  
21365  97.719  
21360  97.777  
21355  97.763  
21350  97.597  
21345  97.702  
21340  97.705  
21335  97.758  
21330  97.681  
21325  97.603  
21320  97.481  
21315  97.426  
21310  97.444  
21305  97.325  
21300  97.003  
21295  96.809  
21290  96.86  
21285  96.817  
21280  96.828  
21275  96.736  
21270  96.831  
21265  96.715  
21260  96.783  
21255  96.86  
21250  96.643  
21245  96.632  
21240  96.704  
21235  96.825  
21230  96.777  
21225  96.901  
21220  96.883  
21215  96.715  
21210  96.928  
21205  96.893  
21200  96.873  
21195  96.819  
21190  96.771  
21185  96.674  
21180  96.751  
21175  96.788  
21170  96.695  
21165  96.564  
21160  96.585  
21155  96.62  
21150  96.765  
21145  96.777  
21140  96.831  
21135  96.875  
21130  96.863  
21125  97.018  
21120  97.044  
21115  96.924  
21110  96.909  
21105  97.026  
21100  97.083  
21095  97.072  
21090  97.223  
21085  97.324  
21080  97.437  
21075  97.476  
21070  97.406  
21065  97.354  
21060  97.192  
21055  97.389  
21050  97.264  
21045  97.418  
21040  97.482  
21035  97.62  
21030  97.733  
21025  97.626  
21020  97.864  
21015  97.736  
21010  97.928  
21005  97.664  
21000  97.627  
20995  97.675  
20990  97.655  
20985  97.871  
20980  97.946  
20975  97.98  
20970  97.932  
20965  98.053  
20960  97.92  
20955  97.794  
20950  97.713  
20945  97.499  
20940  97.263  
20935  97.33  
20930  97.301  
20925  97.414  
20920  97.566  
20915  97.736  
20910  97.961  
20905  98.274  
20900  98.421  
20895  98.384  
20890  98.549  
20885  98.521  
20880  98.454  
20875  98.482  
20870  98.402  
20865  98.19  
20860  98.053  
20855  98.009  
20850  97.739  
20845  97.729  
20840  97.672  
20835  97.496  
20830  97.438  
20825  97.336  
20820  97.328  
20815  97.267  
20810  97.298  
20805  97.139  
20800  97.156  
20795  97.133  
20790  97.084  
20785  97.009  
20780  97.086  
20775  97.006  
20770  96.857  
20765  96.765  
20760  96.55  
20755  96.365  
20750  96.254  
20745  96.281  
20740  96.068  
20735  95.999  
20730  95.956  
20725  95.956  
20720  95.956  
20715  96.106  
20710  96.075  
20705  95.97  
20700  95.821  
20695  95.749  
20690  95.656  
20685  95.535  
20680  95.477  
20675  95.235  
20670  94.978  
20665  94.926  
20660  94.807  
20655  94.836  
20650  94.838  
20645  94.846  
20640  94.856  
20635  94.821  
20630  94.984  
20625  94.995  
20620  95.079  
20615  94.87  
20610  94.759  
20605  94.678  
20600  94.63  
20595  94.678  
20590  94.6  
20585  94.577  
20580  94.756  
20575  94.83  
20570  94.952  
20565  94.948  
20560  94.943  
20555  94.766  
20550  94.81  
20545  94.748  
20540  94.461  
20535  94.257  
20530  94.142  
20525  94.075  
20520  93.848  
20515  94.061  
20510  93.964  
20505  93.901  
20500  93.883  
20495  93.973  
20490  94.002  
20485  94.101  
20480  94.354  
20475  94.37  
20470  94.44  
20465  94.467  
20460  94.64  
20455  94.873  
20450  95.001  
20445  95.09  
20440  95.076  
20435  94.894  
20430  94.885  
20425  94.992  
20420  94.997  
20415  94.902  
20410  94.818  
20405  94.667  
20400  94.615  
20395  94.725  
20390  94.896  
20385  94.962  
20380  94.958  
20375  95.03  
20370  95.035  
20365  95.099  
20360  95.241  
20355  95.375  
20350  95.348  
20345  95.267  
20340  95.323  
20335  95.296  
20330  95.471  
20325  95.671  
20320  95.808  
20315  95.866  
20310  95.94  
20305  96.14  
20300  96.184  
20295  96.303  
20290  96.196  
20285  96.243  
20280  96.091  
20275  95.9  
20270  95.857  
20265  95.885  
20260  95.95  
20255  95.975  
20250  96.193  
20245  96.315  
20240  96.402  
20235  96.814  
20230  96.954  
20225  97.087  
20220  97.171  
20215  97.327  
20210  97.212  
20205  97.093  
20200  97.121  
20195  97.02  
20190  97.064  
20185  97.116  
20180  97.119  
20175  97.029  
20170  97.11  
20165  97.134  
20160  97.081  
20155  96.974  
20150  96.844  
20145  96.637  
20140  96.356  
20135  96.199  
20130  95.912  
20125  95.743  
20120  95.567  
20115  95.451  
20110  95.288  
20105  95.186  
20100  95.341  
20095  95.343  
20090  95.277  
20085  95.065  
20080  94.962  
20075  94.778  
20070  94.58  
20065  94.374  
20060  94.005  
20055  93.724  
20050  93.596  
20045  93.504  
20040  93.251  
20035  93.076  
20030  92.831  
20025  92.625  
20020  92.412  
20015  92.082  
20010  91.666  
20005  91.188  
20000  90.967  
19995  90.44  
19990  89.919  
19985  89.075  
19980  88.304  
19975  87.405  
19970  86.44  
19965  85.373  
19960  84.143  
19955  82.915  
19950  81.711  
19945  80.415  
19940  79.004  
19935  77.513  
19930  76.048  
19925  74.504  
19920  72.71  
19915  70.721  
19910  68.594  
19905  66.554  
19900  64.407  
19895  62.231  
19890  60.068  
19885  57.697  
19880  55.516  
19875  53.391  
19870  51.314  
19865  49.217  
19860  47.171  
19855  45.116  
19850  42.859  
19845  40.785  
19840  38.693  
19835  36.688  
19830  34.734  
19825  32.809  
19820  30.975  
19815  29.164  
19810  27.56  
19805  25.993  
19800  24.522  
19795  23.201  
19790  21.848  
19785  20.563  
19780  19.298  
19775  18.124  
19770  17.024  
19765  16.124  
19760  15.041  
19755  14.134  
19750  13.254  
19745  12.466  
19740  11.623  
19735  11.011  
19730  10.268  
19725  9.47  
19720  8.948  
19715  8.191  
19710  7.552  
19705  7.022  
19700  6.641  
19695  6.16  
19690  5.833  
19685  5.484  
19680  5.138  
19675  4.858  
19670  4.437  
19665  4.109  
19660  3.841  
19655  3.513  
19650  3.188  
19645  2.94  
19640  2.641  
19635  2.431  
19630  2.376  
19625  2.283  
19620  2.057  
19615  1.942  
19610  1.77  
19605  1.714  
19600  1.578  
19595  1.561  
19590  1.387  
19585  1.176  
19580  1.042  
19575  0.906  
19570  0.829  
19565  0.731  
19560  0.754  
19555  0.595  
19550  0.658  
19545  0.598  
19540  0.539  
19535  0.418  
19530  0.438  
19525  0.398  
19520  0.24  
19515  0.22  
19510  0.22  
19505  0.2  
19500  0.139  
19495  0.159  
19490  0.079  
19485  0  
